1g9v_poc.pdb    17.8913   15.5955   41.6263
1gkc_poc.pdb    63.3015   27.3026  116.8268
1gm8_poc.pdb    16.8857    0.8315    3.9095
1hq2_poc.pdb    -7.7404    7.6613   16.7405
1hwi_poc.pdb    32.6701   -6.7920   -7.3730
1ia1_poc.pdb     8.9995   35.2762   18.3935
1ig3_poc.pdb    22.0059   43.8341   19.3922
1j3j_poc.pdb    28.3797    5.1462   58.5855
1jla_poc.pdb    -2.0294  -35.5510   25.7561
1k3u_poc.pdb    48.5938   27.8439   12.7113
1l7f_poc.pdb    25.3631   17.7398   60.6457
1m2z_poc.pdb    31.2700    7.5712   12.8556
1meh_poc.pdb    57.7233   54.4663   18.6901
1mmv_poc.pdb    14.1894   -0.4373   59.8573
1n2j_poc.pdb    32.3497   34.8042   48.1153
1nav_poc.pdb    48.5594   18.2184   20.2308
1of1_poc.pdb    20.3707   23.0179   10.3115
1of6_poc.pdb    31.6834   -0.8553   49.2697
1opk_poc.pdb    45.1516   19.6328   18.9615
1p2y_poc.pdb    17.2597   12.7626   42.0002
1p62_poc.pdb    67.3573   34.8272   18.8515
1q4g_poc.pdb    68.6261   22.9370  189.8077
1r55_poc.pdb    12.4801   17.4982   28.4020
1r9o_poc.pdb     8.8354   32.7698   -1.6486
1s3v_poc.pdb    -1.0032   30.5618    2.8963
1sg0_poc.pdb    36.9765   17.3014   29.5675
1sq5_poc.pdb    51.8701    3.9869    7.3314
1t40_poc.pdb    15.2647   -4.3507   14.3801
1t9b_poc.pdb    -6.7990   51.3651  121.8908
1tz8_poc.pdb    15.4312   61.7838   34.4476
1u1c_poc.pdb    11.5839  136.5795   46.4767
1u4d_poc.pdb    55.4914   18.3502   41.3998
1v4s_poc.pdb    39.2994   14.0434   62.9905
1x8x_poc.pdb     9.6798   29.3992   16.2731
1ygc_poc.pdb    15.6987   39.6617   33.2996
1yv3_poc.pdb    21.6458   38.0570   37.9398
2bm2_poc.pdb    44.2386  114.1335   81.3442
2bsm_poc.pdb    30.8006   10.9664   25.4210
1g9v_poc.pdb    17.8913   15.5955   41.6263
1gkc_poc.pdb    63.3015   27.3026  116.8268
1gm8_poc.pdb    16.8857    0.8315    3.9095
1hq2_poc.pdb    -7.7404    7.6613   16.7405
1hwi_poc.pdb    32.6701   -6.7920   -7.3730
1ia1_poc.pdb     8.9995   35.2762   18.3935
1ig3_poc.pdb    22.0059   43.8341   19.3922
1j3j_poc.pdb    28.3797    5.1462   58.5855
1jla_poc.pdb    -2.0294  -35.5510   25.7561
1k3u_poc.pdb    48.5938   27.8439   12.7113
1l7f_poc.pdb    25.3631   17.7398   60.6457
1m2z_poc.pdb    31.2700    7.5712   12.8556
1meh_poc.pdb    57.7233   54.4663   18.6901
1mmv_poc.pdb    14.1894   -0.4373   59.8573
1n2j_poc.pdb    32.3497   34.8042   48.1153
1nav_poc.pdb    48.5594   18.2184   20.2308
1of1_poc.pdb    20.3707   23.0179   10.3115
1opk_poc.pdb    45.1516   19.6328   18.9615
1p2y_poc.pdb    17.2597   12.7626   42.0002
1p62_poc.pdb    67.3573   34.8272   18.8515
1q4g_poc.pdb    68.6261   22.9370  189.8077
1r55_poc.pdb    12.4801   17.4982   28.4020
1r9o_poc.pdb     8.8354   32.7698   -1.6486
1s3v_poc.pdb    -1.0032   30.5618    2.8963
1sg0_poc.pdb    36.9765   17.3014   29.5675
1sq5_poc.pdb    51.8701    3.9869    7.3314
1t40_poc.pdb    15.2647   -4.3507   14.3801
1t9b_poc.pdb    -6.7990   51.3651  121.8908
1tz8_poc.pdb    15.4312   61.7838   34.4476
1u1c_poc.pdb    11.5839  136.5795   46.4767
1u4d_poc.pdb    55.4914   18.3502   41.3998
1v4s_poc.pdb    39.2994   14.0434   62.9905
1x8x_poc.pdb     9.6798   29.3992   16.2731
1ygc_poc.pdb    15.6987   39.6617   33.2996
1yv3_poc.pdb    21.6458   38.0570   37.9398
2bm2_poc.pdb    44.2386  114.1335   81.3442
2bsm_poc.pdb    30.8006   10.9664   25.4210
1g9v_poc.pdb    17.8913   15.5955   41.6263
1gkc_poc.pdb    63.3015   27.3026  116.8268
1gm8_poc.pdb    16.8857    0.8315    3.9095
1gpk_poc.pdb     3.5073   66.9977   62.6617
1hnn_poc.pdb    28.4652   44.7460   16.1501
1hp0_poc.pdb    16.6668   26.8411   11.0347
1hq2_poc.pdb    -7.7404    7.6613   16.7405
1hvy_poc.pdb    66.4186   43.9594   26.3553
1hwi_poc.pdb    32.6701   -6.7920   -7.3730
1hww_poc.pdb    32.4194   65.4689    6.4441
1ia1_poc.pdb     8.9995   35.2762   18.3935
1ig3_poc.pdb    22.0059   43.8341   19.3922
1j3j_poc.pdb    28.3797    5.1462   58.5855
1jd0_poc.pdb   -11.7752   -6.7249   21.6218
1jje_poc.pdb    56.5569   27.6689   32.4992
1jla_poc.pdb    -2.0294  -35.5510   25.7561
1k3u_poc.pdb    48.5938   27.8439   12.7113
1ke5_poc.pdb    -7.6558   50.6018   39.7156
1kzk_poc.pdb    20.0431   -1.2863   16.0804
1l2s_poc.pdb    77.6173    3.7085   29.7543
1l7f_poc.pdb    25.3631   17.7398   60.6457
1lpz_poc.pdb    11.8266    6.6439   24.9330
1lrh_poc.pdb    34.8055   58.6801   77.6157
1m2z_poc.pdb    31.2700    7.5712   12.8556
1meh_poc.pdb    57.7233   54.4663   18.6901
1mmv_poc.pdb    14.1894   -0.4373   59.8573
1mzc_poc.pdb    15.5475  132.1974   -3.1044
1n1m_poc.pdb    82.8051   75.6107   96.7232
1n2j_poc.pdb    32.3497   34.8042   48.1153
1n2v_poc.pdb    15.0819   16.3104   22.9562
1n46_poc.pdb    21.1161    6.7846    1.9937
1nav_poc.pdb    48.5594   18.2184   20.2308
1of1_poc.pdb    20.3707   23.0179   10.3115
1of6_poc.pdb    31.6834   -0.8553   49.2697
1opk_poc.pdb    45.1516   19.6328   18.9615
1oq5_poc.pdb    16.1197    3.9463   15.1008
1owe_poc.pdb    18.9658   16.1440   31.7920
1oyt_poc.pdb    14.9170   -9.0216   22.8385
1p2y_poc.pdb    17.2597   12.7626   42.0002
1p62_poc.pdb    67.3573   34.8272   18.8515
1pmn_poc.pdb    20.0860   11.8855   32.4656
1q1g_poc.pdb    32.2214   24.8644   65.6036
1q41_poc.pdb    37.9281    7.3367   36.6884
1q4g_poc.pdb    68.6261   22.9370  189.8077
1r1h_poc.pdb    33.4382   45.9373   35.9023
1r55_poc.pdb    12.4801   17.4982   28.4020
1r58_poc.pdb    19.9385   30.7879   16.4175
1r9o_poc.pdb     8.8354   32.7698   -1.6486
1s19_poc.pdb    11.6516   22.5424   34.4189
1s3v_poc.pdb    -1.0032   30.5618    2.8963
1sg0_poc.pdb    36.9765   17.3014   29.5675
1sj0_poc.pdb    29.9680   -1.2050   24.8416
1sq5_poc.pdb    51.8701    3.9869    7.3314
1sqn_poc.pdb    11.5804   25.0746    7.9998
1t40_poc.pdb    15.2647   -4.3507   14.3801
1t46_poc.pdb    26.0900   25.4313   40.3047
1t9b_poc.pdb    -6.7990   51.3651  121.8908
1tow_poc.pdb    20.8119    4.2980    3.1578
1tt1_poc.pdb     2.9334    0.6597   25.0718
1tz8_poc.pdb    15.4312   61.7838   34.4476
1u1c_poc.pdb    11.5839  136.5795   46.4767
1u4d_poc.pdb    55.4914   18.3502   41.3998
1uml_poc.pdb    51.5770   54.0010   20.6679
1unl_poc.pdb    57.9741   26.2146   27.2674
1uou_poc.pdb    -3.0090    1.8198   28.6301
1v0p_poc.pdb    23.0932    1.0033   36.5871
1v48_poc.pdb    74.5628   43.7019   47.0681
1v4s_poc.pdb    39.2994   14.0434   62.9905
1vcj_poc.pdb    32.6787  -10.4662   62.6808
1w1p_poc.pdb    42.9936   74.3737   52.2198
1w2g_poc.pdb    33.8066   32.9480   60.1163
1x8x_poc.pdb     9.6798   29.3992   16.2731
1xm6_poc.pdb    45.8308    2.0493   -8.7589
1xoq_poc.pdb    21.2856   21.5649   97.6325
1xoz_poc.pdb    45.8544   36.1979   12.9024
1y6b_poc.pdb     1.5846   30.7576   12.6420
1ygc_poc.pdb    15.6987   39.6617   33.2996
1yqy_poc.pdb    11.9677   18.1524   27.2639
1yv3_poc.pdb    21.6458   38.0570   37.9398
1yvf_poc.pdb   -11.1429   56.5003   51.5100
1ywr_poc.pdb     3.4756   -0.7962   19.0453
1z95_poc.pdb    28.2557    1.8370    6.6259
2bm2_poc.pdb    44.2386  114.1335   81.3442
2br1_poc.pdb    14.1679   -2.5882   11.6277
2bsm_poc.pdb    30.8006   10.9664   25.4210
