### 
### Created by X-TOOL on Fri Nov 18 12:34:15 2016
### 

@<TRIPOS>MOLECULE
1ero_ligand
   41    42     1     0     0
SMALL
GAST_HUCK


@<TRIPOS>ATOM
      1 C2         40.6060   38.2530   31.6170 C.3       1 BJP        -0.0043
      2 C1         39.3440   38.1560   32.5030 C.3       1 BJP         0.0628
      3 C11        42.1430   33.5950   29.1060 C.2       1 BJP         0.0613
      4 O3         41.2050   33.4320   28.3110 O.co2     1 BJP        -0.5607
      5 O4         43.1470   32.8230   29.1750 O.co2     1 BJP        -0.5607
      6 B          38.3540   37.0660   31.9790 B         1 BJP         0.7185
      7 OB1        38.7210   35.7600   32.4630 O.3       1 BJP        -0.4966
      8 C6         42.8620   36.8800   32.1550 C.ar      1 BJP        -0.0577
      9 C5         41.5380   37.0390   31.3630 C.ar      1 BJP        -0.0386
     10 C7         43.7960   35.6720   31.8850 C.ar      1 BJP        -0.0650
     11 C10        41.1400   36.0010   30.2940 C.ar      1 BJP        -0.0462
     12 C8         43.3960   34.6350   30.8060 C.ar      1 BJP        -0.0546
     13 C9         42.0740   34.8160   30.0300 C.ar      1 BJP         0.0035
     14 OB2        37.1220   37.5390   32.6150 O.3       1 BJP        -0.4966
     15 C19        42.8300   37.8170   35.3760 C.ar      1 BJP        -0.0243
     16 C20        43.5400   38.9400   34.8940 C.ar      1 BJP        -0.0580
     17 C21        44.9110   38.8130   34.6150 C.ar      1 BJP        -0.0681
     18 C22        45.5540   37.5790   34.8020 C.ar      1 BJP        -0.0684
     19 C23        44.8250   36.4870   35.2960 C.ar      1 BJP        -0.0681
     20 C24        43.4570   36.5860   35.5060 C.ar      1 BJP        -0.0580
     21 C25        41.4410   37.7880   35.6230 C.3       1 BJP         0.0703
     22 C26        40.7620   38.4910   34.4220 C.2       1 BJP         0.1868
     23 O6         40.9920   39.6620   34.0870 O.2       1 BJP        -0.3941
     24 N1         39.9560   37.7010   33.7310 N.am      1 BJP        -0.2901
     25 H1         41.2365   39.0340   32.0669 H         1 BJP         0.0436
     26 H2         40.2603   38.5858   30.6272 H         1 BJP         0.0436
     27 H3         38.8305   39.1227   32.6117 H         1 BJP         0.0454
     28 H4         38.8594   35.7989   33.4021 H         1 BJP         0.1667
     29 H5         43.1358   37.6171   32.9011 H         1 BJP         0.0578
     30 H6         44.7172   35.5547   32.4442 H         1 BJP         0.0606
     31 H7         40.2151   36.1082   29.7389 H         1 BJP         0.0589
     32 H8         44.0399   33.7883   30.5974 H         1 BJP         0.0593
     33 H9         36.9036   38.4001   32.2784 H         1 BJP         0.1667
     34 H10        43.0336   39.8863   34.7417 H         1 BJP         0.0561
     35 H11        45.4724   39.6677   34.2554 H         1 BJP         0.0600
     36 H12        46.6065   37.4708   34.5663 H         1 BJP         0.0561
     37 H13        45.3356   35.5564   35.5159 H         1 BJP         0.0600
     38 H14        42.8812   35.7064   35.7702 H         1 BJP         0.0561
     39 H15        41.2103   38.3234   36.5558 H         1 BJP         0.0659
     40 H16        41.0912   36.7480   35.7010 H         1 BJP         0.0659
     41 H17        39.7677   36.7766   34.0629 H         1 BJP         0.1842
@<TRIPOS>BOND
     1    2    1 1  
     2    1    9 1  
     3    2    6 1  
     4   24    2 1  
     5    3    4 ar 
     6    3    5 ar 
     7   13    3 1  
     8    6    7 1  
     9    6   14 1  
    10    9    8 ar 
    11    8   10 ar 
    12    9   11 ar 
    13   10   12 ar 
    14   11   13 ar 
    15   13   12 ar 
    16   15   16 ar 
    17   15   20 ar 
    18   21   15 1  
    19   16   17 ar 
    20   17   18 ar 
    21   19   18 ar 
    22   20   19 ar 
    23   22   21 1  
    24   22   23 2  
    25   22   24 am 
    26    1   25 1  
    27    1   26 1  
    28    2   27 1  
    29    7   28 1  
    30    8   29 1  
    31   10   30 1  
    32   11   31 1  
    33   12   32 1  
    34   14   33 1  
    35   16   34 1  
    36   17   35 1  
    37   18   36 1  
    38   19   37 1  
    39   20   38 1  
    40   21   39 1  
    41   21   40 1  
    42   24   41 1  
@<TRIPOS>SUBSTRUCTURE
     1 BJP         1

